3
4
6
7
9
11
12
15
16
18
19
20
21
22
26
28
31
34
35
36
38
40
41
42
44
45
47
49
50
51
52
53
55
57
58
59
60
61
64
65
69
70
72
73
75
76
77
78
79
80
82
83
84
85
88
91
92
95
96
97
102
104
105
108
109
112
117
119
120
122
123
124
125
128
132
134
136
139
140
141
142
143
144
145
146
147
148
151
153
154
155
156
160
161
162
164
165
167
170
171
172
173
175
176
181
182
183
185
188
189
190
193
195
196
198
201
202
204
206
207
209
214
216
217
218
219
220
221
222
224
225
226
227
228
229
231
232
235
236
240
241
242
243
244
245
246
247
248
249
252
253
255
259
261
262
264
267
268
270
272
275
276
277
279
280
281
282
283
284
285
286
287
289
290
291
292
295
297
298
301
302
303
304
306
307
310
311
315
316
317
318
319
320
321
322
326
330
331
332
333
334
335
337
338
340
341
343
344
345
349
351
355
356
357
359
361
363
364
368
371
372
373
374
375
376
377
381
384
385
386
387
390
392
393
395
397
398
399
400
402
403
405
408
410
411
412
413
414
415
416
417
418
420
421
423
424
425
426
427
429
431
432
433
435
439
442
443
445
448
449
450
451
453
455
456
457
458
460
461
462
463
466
467
468
469
472
473
476
477
478
482
483
484
485
487
492
494
496
497
499
501
503
506
507
508
509
510
511
512
513
514
515
516
517
518
521
523
524
525
526
527
528
529
530
532
533
534
535
536
537
538
539
542
543
549
550
551
553
554
555
557
558
559
561
562
565
567
569
571
573
577
581
583
584
587
589
592
594
596
597
598
599
600
604
607
608
609
612
