1
4
5
6
7
9
11
13
14
15
17
18
19
21
22
23
24
25
26
29
32
33
34
35
36
38
40
44
47
48
49
50
51
54
55
57
59
63
64
65
68
70
72
76
82
84
85
86
87
88
90
92
93
95
96
97
103
104
105
106
107
108
117
122
123
124
125
126
128
129
131
132
133
134
135
136
138
139
140
141
143
144
146
147
148
149
150
156
157
158
160
163
166
167
168
169
170
171
172
175
176
177
178
180
181
182
183
185
186
189
190
192
194
195
196
197
198
201
202
204
206
207
208
209
211
212
213
214
217
220
221
222
223
225
226
229
230
233
236
237
239
240
241
242
244
245
246
247
248
249
252
254
255
259
263
264
267
270
272
273
275
276
277
278
279
282
285
286
287
288
289
292
296
298
300
301
303
304
306
307
308
309
310
312
313
315
316
320
321
322
326
327
331
332
336
337
338
340
341
344
346
349
350
352
353
354
355
357
359
361
362
363
365
366
368
370
371
372
373
374
375
376
377
378
379
380
381
382
383
384
386
388
389
393
394
395
396
397
399
400
401
403
404
405
408
409
410
411
412
414
415
416
417
419
420
421
422
425
426
431
433
434
435
436
437
439
441
442
445
449
450
451
453
455
456
457
458
460
462
463
465
467
468
469
472
473
479
480
483
484
485
486
487
490
491
492
494
496
499
500
501
504
505
506
510
511
512
513
514
515
517
518
523
524
527
529
531
533
534
535
536
537
539
542
543
545
546
547
550
551
552
555
557
558
562
564
565
567
568
569
570
571
574
577
579
580
581
582
583
585
587
588
590
593
594
595
596
597
598
601
602
603
604
605
608
609
612
