1
3
4
5
9
11
12
13
14
16
17
18
20
21
23
24
25
28
29
31
32
33
36
38
41
42
45
48
51
52
53
54
55
58
59
60
61
63
65
68
69
73
75
76
77
78
79
80
82
83
84
85
86
87
90
91
92
93
96
97
102
103
104
106
107
108
109
112
119
120
123
125
126
129
131
133
135
136
138
140
142
143
144
145
148
149
150
151
153
154
155
156
157
158
160
161
162
163
164
165
166
167
168
169
173
175
176
177
178
180
183
185
186
188
190
192
193
194
195
196
197
204
206
208
209
211
212
213
216
217
218
219
222
223
224
225
226
227
228
230
231
232
233
235
237
239
240
241
242
243
245
246
249
252
253
254
255
261
262
263
264
267
268
270
272
273
276
277
278
280
281
282
283
284
288
289
290
291
292
295
296
297
298
300
301
302
304
306
308
309
311
312
313
317
318
319
320
327
330
331
332
333
334
335
336
337
340
343
344
345
346
349
350
351
352
353
354
356
357
362
364
365
366
370
371
373
376
378
379
380
381
382
383
385
387
388
389
390
392
394
396
398
400
401
402
404
409
412
413
415
416
418
419
420
422
423
424
425
426
427
429
432
433
434
435
436
437
439
441
442
443
448
453
456
457
458
460
461
463
465
466
467
473
476
477
478
479
480
482
483
484
486
490
491
497
499
500
501
503
504
505
507
508
509
511
516
517
521
524
525
526
527
528
529
530
531
532
534
535
538
539
543
545
546
547
549
550
551
552
553
554
557
559
561
562
564
565
567
568
569
570
573
574
577
579
580
581
582
584
585
587
588
589
590
592
593
595
596
598
599
600
601
602
603
604
605
607
609
